a=[1 2 3;4,5,6;7 8 9];
b=[3 2 1;1 3 2;2 3 1];
c=a.^2
d=a.^b
