x=[1 2 3;4,5,6];
a=2*x+5
b=2*x-5
c=x*2
d=x/2
