a=[1 2 3];b=[4 5];c=[a 6 7 b]