a=[1 2 3;4,5,6;7 8 9];
b=[3 2 1;6 5 4;9 8 7];
c=a+b
d=a-b
e=a.*b
f=a./b
