a=[1 2;3 4;5 6];
b=[2 3 4;5 6 7];
c=a*b
