a=[1 2 3;4 5 6];
b=a+2
c=a/2
